sample_id	label	num_0_0	num_1_0	num_2_0	num_3_0	num_4_0
TCGA-A1-A0SE	2	2.3094405055264393e-11	1.0332982177362338e-13	0.9999967888660329	3.2109566868746386e-06	1.5408243509600487e-10
TCGA-A2-A0ST	0	0.9534434065720347	0.00010425439948162959	0.005503439270096547	2.358901815890625e-10	0.040948899522496994
TCGA-A2-A0T4	2	3.5006533243249525e-13	9.707801135030741e-11	0.9997777964357467	0.00022220346674718412	7.801449668845392e-14
TCGA-B6-A0RM	2	2.158845032531381e-14	1.2208155463681752e-11	0.9504592195295674	0.04954078042475337	3.344939343345164e-11
TCGA-B6-A0RN	2	2.2112995102573055e-13	2.3789480876007674e-08	0.9999885095586051	1.146665169289349e-05	1.4992548398819363e-17
TCGA-BH-A0DH	2	1.6332961310736178e-11	1.4497507914188565e-08	0.9994284630074923	0.0005715224349645768	4.370232350555148e-11
TCGA-BH-A0DQ	2	3.398481342358968e-08	1.7736599211463901e-09	0.9981005069430193	0.0018993953922819846	6.190622547312954e-08
TCGA-AO-A0JJ	2	2.6182881772329727e-10	2.2548398274750614e-11	0.9983691194273114	0.0016308730577907187	7.2305206545181405e-09
TCGA-AO-A0JL	0	0.9965829976956276	2.0485265216458022e-05	5.477142849204146e-06	0.0033722955533999803	1.874434290676571e-05
TCGA-AO-A0JM	3	2.2168277925721798e-10	5.843609183420353e-07	0.0002632595248632246	0.9997361558924237	1.1184961910604345e-13
TCGA-B6-A0IK	1	0.0038179106044721033	0.9961638725284948	1.3557281760378752e-05	1.6380463178045372e-13	4.659585108764983e-06
TCGA-B6-A0RE	0	0.9999999995652621	3.9223652757410295e-10	1.0087267932924697e-15	1.436833042701429e-25	4.250035663618529e-11
TCGA-B6-A0RG	2	2.316538682281798e-16	4.698497716499643e-08	0.9999991445214467	8.084935757352597e-07	1.708400082884046e-16
TCGA-B6-A0RI	2	1.027540884612284e-09	5.579876030253131e-08	0.979626288106626	0.020373655067064945	7.93801249010513e-15
TCGA-BH-A0AW	1	0.0002995753000189724	0.9837467404820286	0.01337662140319703	3.831736358933694e-12	0.002577062810923841
TCGA-BH-A0B3	0	0.9999982276710004	1.7711278541316663e-06	6.135562016298438e-15	7.383527971717821e-10	4.627864393265179e-10
TCGA-BH-A0B8	2	3.137784008175107e-10	1.2165070230035864e-09	0.9999512069652211	4.879148639558317e-05	1.8097908734922346e-11
TCGA-BH-A0BA	2	6.373383946642652e-11	3.6703160530317743e-06	0.9999948911180853	1.4330017008770453e-06	5.5004269708821895e-09
TCGA-BH-A0BJ	2	5.26796439268311e-10	3.539085143014802e-14	0.9999999605276592	3.603606649492997e-08	2.909442492951716e-09
TCGA-BH-A0RX	0	0.9859333679546641	5.363026674891249e-12	0.014063833700245337	6.57097851936341e-28	2.798339727422093e-06
TCGA-A2-A0CT	2	5.459259571896715e-13	2.8722344488547088e-09	0.9999810822607341	1.8914866458433267e-05	2.702589614058331e-14
TCGA-A2-A0EU	2	3.453922476797689e-15	3.5941781653390806e-16	0.9999802350569783	1.9764943017914437e-05	2.9530869777475965e-17
TCGA-A7-A0D9	2	3.6155443193993136e-16	9.278296362332771e-08	0.9999998615816181	4.032655593888018e-09	4.1602762236416096e-08
TCGA-A8-A08O	2	2.7548434440455025e-15	6.3422650347916724e-18	0.9999999996290351	3.675592896598457e-10	3.4028119619830853e-12
TCGA-A8-A0A6	2	2.583608599515652e-09	7.10300616764109e-08	0.9999802020584012	1.9577909661522038e-05	1.464182669625966e-07
TCGA-A8-A0AD	2	4.1918131263530466e-11	2.315184216697731e-06	0.9765303323457726	0.023467352418345147	9.747397456213101e-12
TCGA-AO-A03L	2	8.24784564940572e-13	4.013650669517334e-08	0.9774596780575999	0.022540281805064333	4.29493738940501e-15
TCGA-AO-A0JC	2	0.0009794004806849479	4.643502529793977e-05	0.9882937081030906	8.841649044015808e-05	0.010592039900486298
TCGA-AO-A0JD	3	1.259239958541307e-06	0.001043598353237467	1.2296480568779694e-05	0.9989428459262353	3.3688016446698287e-18
TCGA-AO-A0JE	1	3.835243702373154e-05	0.9847600416044804	0.01465229968279777	2.56405531988474e-05	0.0005236657224993134
TCGA-AO-A0JI	2	3.0273421219301442e-21	7.642622059581106e-12	0.9796031191652531	0.020396880827104263	2.5469059610800355e-21
TCGA-BH-A0C0	3	8.795967944121203e-08	3.4608798975456734e-06	0.004437924095065747	0.9955573491117355	1.1779536217904558e-06
TCGA-BH-A0DP	2	2.5867467485009454e-13	7.963755930431559e-10	0.9999999904712601	8.693634442036466e-09	3.8471197701430525e-11
TCGA-BH-A0DS	2	1.0212913792249949e-09	6.015212166736992e-07	0.946498428501054	0.053500968138416906	8.180211222177407e-10
TCGA-BH-A0E0	0	0.9999690572390815	3.094276091806191e-05	1.177519814874929e-25	8.552540574576394e-31	4.894500773596472e-16
TCGA-BH-A0E1	2	2.5322003462473865e-09	9.466861985902548e-12	0.9680780808336188	0.03192191662469963	1.4419854125443002e-14
TCGA-BH-A0E2	2	2.3068553674268573e-10	6.017632677823176e-13	0.9783726459630276	0.02162735380568508	1.2258801392898604e-17
TCGA-BH-A0H0	3	3.528375589980441e-10	1.081573079512829e-06	0.07311176782047171	0.9268871502536112	1.20312188315068e-18
TCGA-BH-A0H6	2	6.78907643201155e-13	1.643496688200633e-11	0.9970476764191244	0.002952317700912788	5.862849020710795e-09
TCGA-BH-A0H9	2	1.0308060636619948e-14	1.2195270781664575e-07	0.9988540856192334	0.0011457924280339929	1.4492212518932894e-14
TCGA-BH-A0HB	2	1.6934922995084132e-09	3.679426201411243e-08	0.9986168632667316	0.0013830968446758216	1.4008381269282233e-09
TCGA-BH-A0HF	2	9.882584487329558e-09	7.84775453168811e-12	0.9999999725432925	3.277374817128504e-15	1.7566271805897017e-08
TCGA-A1-A0SO	0	0.9992257704874652	0.0007742294903760041	5.5207520824358766e-12	1.615088024405169e-11	4.871270806952012e-13
TCGA-A1-A0SP	0	0.9999997980933893	2.0189566354886003e-07	3.926604983488707e-12	4.0816011430760426e-48	7.020272128224626e-12
TCGA-A2-A0T0	0	0.9935047076502906	0.00649401097546665	5.713479661289069e-15	8.121203976002156e-15	1.2813742289025295e-06
TCGA-AO-A0JG	2	1.0104334386412239e-11	1.325464460438538e-14	0.9999997585187324	2.414581432513007e-07	1.3006897243134635e-11
TCGA-AR-A0TR	2	6.598221324819718e-16	3.530546193342014e-09	0.9999999914017054	5.067747683092288e-09	4.7946129626255685e-27
TCGA-B6-A0RL	3	1.3754690450976916e-15	1.6128802056611767e-10	0.00016113043996255003	0.999838869398748	2.1248341087404415e-21
TCGA-B6-A0RU	0	0.9972188719457005	5.672101309181256e-16	4.4636706465527915e-15	1.9141095268779467e-13	0.00278112805410315
TCGA-BH-A0BC	2	8.920288743738352e-07	9.342704816257154e-11	0.9994109788568756	0.0005881288797039559	1.411190636638883e-10
TCGA-A1-A0SM	2	2.1848514262376953e-17	0.0004025210111010891	0.995783327919107	0.0038141300199750166	2.1049816945745536e-08
TCGA-A2-A0SX	0	0.9998180297763808	0.00017646260364450467	1.3239514147498504e-11	9.154875413128417e-12	5.507597580414616e-06
TCGA-A2-A0SY	2	2.2435599962017563e-14	2.344962639665491e-12	0.9999999572862539	4.2711326067316503e-08	5.265135640354722e-14
TCGA-A1-A0SJ	2	6.820036498251493e-11	3.8974092998334164e-09	0.9993530295747056	0.0005897083402025083	5.7258119482315426e-05
TCGA-A2-A0EN	2	3.202252789867047e-06	2.370218436985394e-05	0.9993112742004571	0.0005591736474793171	0.00010264771490387822
TCGA-A2-A0SV	3	1.2689712000297895e-08	0.004014394296890234	0.0002706859341521696	0.9957149070703311	8.914482319259662e-12
TCGA-A2-A0SW	3	0.009632531703201466	0.041898700809653966	0.009548296137692916	0.9389004253417461	2.0046007705520786e-05
TCGA-A2-A0T5	2	4.2486736059411935e-10	6.240215227283535e-08	0.9999999322759054	4.863786241317941e-09	3.328863468430051e-11
TCGA-A2-A0T6	2	9.036924093423326e-12	2.6519950842087705e-07	0.9999988984012793	8.06600219746916e-07	2.9789955687079705e-08
TCGA-AR-A0TW	2	1.4475832858082338e-05	0.0028731904377859558	0.99009589020757	0.007016443501497468	2.0288377347883042e-11
TCGA-AR-A0TX	1	9.158115957095342e-10	0.9662801301152492	0.03138502511398342	5.5225932114349905e-09	0.00233483833236273
TCGA-B6-A0RO	2	2.1669453567735183e-14	2.4012966500715364e-09	0.9999486917773458	5.13058213359255e-05	2.9034939270217688e-18
TCGA-B6-A0RP	2	3.4869309698437416e-13	8.73018316332088e-08	0.9955703348330023	0.004429577864817426	1.0047537865411061e-19
TCGA-BH-A0HK	2	4.287170456242821e-08	0.005303577036318787	0.9946963730610383	1.1080763218435204e-09	5.922862034918578e-09
TCGA-BH-A0HX	2	1.5101333152354264e-06	5.238537809775608e-13	0.9985846445933796	0.0014138452727811674	1.2629595080026815e-16
TCGA-BH-A0HY	3	9.511441206185891e-09	0.009788791263103518	0.0026277330379001138	0.9875834014958721	6.469168316832915e-08
TCGA-A2-A0T7	2	2.7171423929546835e-10	9.725655238236353e-07	0.9999986398368862	7.033748350795856e-08	3.1698839230535053e-07
TCGA-AR-A0TP	0	0.9912937045933569	5.5859646171510896e-14	3.256352658773238e-11	1.648568569948315e-20	0.008706295374023686
TCGA-AR-A0TZ	2	4.174508673576839e-07	5.737032716807925e-10	0.9861128744257182	0.013886707549711193	1.0999871459796318e-33
TCGA-B6-A0RT	0	0.9982857670693306	6.513118184551618e-05	1.433182483517366e-09	0.0016403045466707065	8.79576897079838e-06
TCGA-BH-A0HP	2	9.30938951185258e-11	5.09749887037945e-07	0.9999993173738093	1.72134626831216e-07	6.485829488736663e-10
TCGA-BH-A0W4	2	7.589301556216566e-18	7.5845287926662e-12	0.9999999926833472	7.307539079465836e-09	1.529360773945789e-12
TCGA-AR-A0U4	0	0.9999780039366379	3.5597627756670977e-06	6.665588589661354e-15	2.3008418023065025e-11	1.8436277571340557e-05
TCGA-B6-A0WX	0	0.9995539596548829	3.9705390774344507e-10	8.797666004830614e-09	5.672100110137736e-14	0.000446031150340489
TCGA-B6-A0WY	2	5.27094828368101e-12	1.3724847697810669e-12	0.999534468350459	2.8193468358342367e-12	0.0004655316400782664
TCGA-A2-A0YF	2	1.802664997643423e-19	7.338321148269437e-12	0.990573975656013	0.009426024336648613	8.685076950710281e-18
TCGA-A2-A0YT	3	5.48751207069687e-08	0.0002184587437787522	8.20820495591909e-06	0.9997732781756958	4.48776165660306e-13
TCGA-B6-A0WZ	2	2.87946147717161e-15	3.853465501618997e-06	0.9999537631500447	4.2383384450720544e-05	6.777306375823522e-17
TCGA-AO-A129	0	0.9999831969072421	1.5345763010944523e-05	2.9062022413982956e-17	1.3634889466637188e-06	9.384080026747024e-08
TCGA-AO-A12C	2	8.067511721366965e-12	2.275691082852635e-09	0.999999984984758	3.4903581057543565e-09	9.241125249200178e-09
TCGA-AO-A12E	2	5.375337180919129e-12	1.877548832729768e-07	0.9999989549759372	8.568348594500269e-07	4.289448062022941e-10
TCGA-AO-A12G	2	3.396409975030049e-06	5.4609048395135594e-05	0.9978700041511995	0.0018903564860589257	0.0001816339043713646
TCGA-A2-A0YC	2	2.2546030281465035e-14	1.0060316112262337e-11	0.9998494772851675	0.0001505226968678937	7.881790764425047e-12
TCGA-A2-A0YD	2	6.643283868575012e-17	1.0356764739817915e-09	0.9999944298115391	5.56915268652132e-06	9.787211365878407e-14
TCGA-A2-A0YE	0	0.99999999999999	3.1630060567466835e-19	9.968888450333856e-15	5.8935185346703555e-37	9.77496344365378e-19
TCGA-A2-A0YL	2	4.0144494046528774e-10	7.496229425188747e-13	0.9999144392733571	2.304701699650213e-12	8.556032214354352e-05
TCGA-AN-A0XO	2	8.907898163986525e-13	0.00013545430538499634	0.9998563807009873	8.164992265548109e-06	4.713773084282525e-13
TCGA-AN-A0XP	2	5.727510980837645e-16	2.849736143951463e-13	0.9670361218026394	0.03296387819707462	3.2878791383759496e-16
TCGA-AN-A0XR	3	1.3142152706252382e-10	8.135806491182547e-12	0.020750052003272148	0.9792499478571705	3.795218428124062e-18
TCGA-A2-A0YI	2	1.9989739630278783e-10	1.083521986124056e-10	0.9999983613898378	1.6376993349501543e-06	6.025777447135851e-10
TCGA-AO-A124	0	0.9999999999286613	7.13387934401367e-11	4.970330431104123e-24	4.123814728736352e-33	2.1609699416663325e-18
TCGA-AO-A125	2	2.209839388343236e-14	1.6274366993501244e-07	0.9869395911831494	0.01306024606824561	4.912847996043501e-12
TCGA-AO-A126	2	1.284239757535242e-12	2.8001958458761896e-08	0.9999932948139497	6.676992292462826e-06	1.905150889276928e-10
TCGA-AO-A128	0	0.9990265803594075	5.267902520761385e-07	1.5552054750930586e-12	4.426238736750371e-11	0.0009728928045227317
TCGA-E2-A106	2	2.0246854090608832e-14	2.050633393068382e-09	0.9997193543861442	0.00028064356157646037	1.6254676940634463e-12
TCGA-E2-A108	4	4.051082064772078e-06	3.1008018430434155e-07	0.029510971190074783	0.00017264273880421085	0.9703120249088719
TCGA-E2-A109	3	2.458125237296572e-13	8.787004615663982e-08	9.244377332518512e-06	0.9999906677523742	1.3903443439836522e-15
TCGA-E2-A10B	2	5.1095811931951e-09	1.7037020498186033e-08	0.9941424439788392	0.005857533874559021	6.231193230138824e-17
TCGA-E2-A10E	2	2.3138943611829986e-21	4.67513980521169e-15	0.9907504120922019	0.009249587907793302	9.008844859221758e-17
TCGA-E2-A10F	2	2.9132001880327858e-12	3.103707388148817e-08	0.9998518891068615	0.00014807985219722475	9.542377133597513e-13
TCGA-AN-A0XL	2	4.988325474480767e-15	3.7113930816204296e-11	0.9998973533061457	9.970690901288693e-05	2.939747722576598e-06
TCGA-AO-A12B	2	6.929213357881417e-12	3.6137342754831682e-12	0.9951457609651118	0.004854237616346589	1.40799867260255e-09
TCGA-E2-A10C	3	6.857131746247497e-09	0.004376354461915393	0.03172641552796886	0.9638972231489785	4.00541658464461e-12
TCGA-BH-A0W3	3	2.34645163409747e-18	6.170034992440337e-11	0.20207724886299622	0.7979227510753034	3.5868698103631366e-23
TCGA-A7-A13F	3	1.3305555892375783e-17	2.680287921661123e-10	0.06356474836554496	0.9364352513657989	6.274004415288589e-13
TCGA-AR-A1AO	4	0.008482869564271146	1.4784035284851387e-05	0.0024716578901191706	1.8072682848368884e-08	0.9890306704376419
TCGA-AR-A1AQ	0	0.9967939392189668	0.0031920374163555082	8.786880416048612e-09	4.755905534844098e-06	9.25867226246659e-06
TCGA-AR-A1AX	2	7.310295422360329e-08	1.0645483479637055e-06	0.9930746357448164	0.006880358338845057	4.3868265036412156e-05
TCGA-AR-A1AY	0	0.9999999999999996	4.4369820801058915e-16	1.1217768884394298e-19	6.553458027354256e-43	2.981534196861451e-17
TCGA-BH-A0AU	3	1.1106124337468719e-11	8.716534154888088e-10	0.18515672978457604	0.8148432693325762	8.817744385782494e-14
TCGA-BH-A0BZ	3	5.517481696317645e-09	1.3536081720808942e-06	0.0006989867151727838	0.9992996541574946	1.6787857339624786e-12
TCGA-BH-A0C3	3	6.390676254203126e-07	1.907841361200615e-09	0.04589238547667392	0.9307838364818758	0.02332313706598352
TCGA-BH-A0DD	3	4.698314783045986e-11	1.258254538455118e-07	2.0336342832300478e-05	0.9999795377847308	1.758666808497218e-22
TCGA-E2-A15K	3	2.7836737362230764e-12	2.683047197987342e-05	0.04542416785725406	0.9545490016679824	5.467655093637884e-18
TCGA-E2-A1AZ	0	0.9995018557196921	0.00049779390624994	3.4207847953808376e-07	5.5354298416672214e-11	8.240224254592714e-09
TCGA-E2-A1BC	2	5.369088117725894e-12	1.2693960953056818e-09	0.9999710900440903	2.288596632704355e-05	6.0227148173871565e-06
TCGA-AR-A1AP	2	4.674434392362422e-15	4.107478527423792e-08	0.9962883343926907	0.0037116231908249447	1.3416943009823895e-09
TCGA-AR-A1AU	2	1.0748502860770567e-10	2.1611054717217678e-07	0.9999997782680523	5.5113049405096395e-09	2.610496348062751e-12
TCGA-AR-A1AK	2	2.542257742617077e-11	7.523881658836802e-10	0.9999706695372118	2.9263402696732555e-05	6.628228067931318e-08
TCGA-BH-A0AZ	2	1.2383597090211304e-10	4.043801831153714e-10	0.9997664566884766	0.00021950315911222645	1.4039624195093134e-05
TCGA-BH-A0B5	2	3.1748879693898955e-12	5.481787419219934e-07	0.9943430227225265	0.005656429095446562	1.1011637899066822e-13
TCGA-BH-A0BF	3	4.2464237977527745e-05	0.0008704230476552118	0.1419954865878384	0.8570782303626635	1.3395763865415638e-05
TCGA-BH-A0DG	2	9.321679513905863e-07	2.741067294840766e-05	0.9626791294900573	0.03729251649305134	1.117599156317462e-08
TCGA-AR-A1AL	2	9.319499964376859e-11	4.1008870315992287e-13	0.9999328800272643	9.055586181456699e-10	6.711897357199542e-05
TCGA-AR-A1AV	2	9.068761467018637e-12	1.8641257978204355e-09	0.993790406556228	0.006209591570577485	7.005650884881843e-21
TCGA-E2-A1B0	1	0.0003505907091525769	0.9872977261101393	3.472015714871541e-13	1.6947289882474457e-09	0.01235168148563182
TCGA-E2-A1B1	2	2.2470600263539812e-09	1.927807706183649e-10	0.992747331612723	6.031935544162603e-08	0.007252605628080815
TCGA-E2-A1B4	2	8.413681321096536e-17	1.7869184768193066e-10	0.9999999952406382	1.4833779078963318e-10	4.432332134159124e-09
TCGA-AR-A1AR	0	0.990191907835003	0.009735010231317015	1.839947790206166e-12	7.307049100809935e-05	1.1440832100653061e-08
TCGA-BH-A1ET	2	4.885864556360191e-18	1.6712868979483807e-12	0.9998939916749463	0.00010600832338236871	2.0913595416027714e-17
TCGA-BH-A1EU	2	3.436879920616707e-11	6.601354654889017e-12	0.9999467014544702	5.013774732633069e-05	3.160757233317273e-06
TCGA-BH-A1EV	1	2.462330101231436e-10	0.9853025480993072	0.01469510128754668	2.3501978643411263e-06	1.6904882965583115e-10
TCGA-BH-A1EW	2	4.561796741175077e-11	2.1559292017022908e-11	0.9744791434643469	0.025520856436982382	3.149358814581481e-11
TCGA-E2-A14N	0	0.9999239346802575	7.601452222225666e-05	1.3900654649564604e-22	5.0750368273821975e-08	4.715195648214197e-11
TCGA-E2-A15I	2	3.044510725458917e-11	2.6178696484915048e-08	0.9999999713318755	2.458978701592986e-09	4.235961905578398e-15
TCGA-A2-A1FV	2	3.386111238518221e-05	1.1898178634105121e-06	0.9999354217809943	2.9527276257288455e-05	1.249971771112021e-11
TCGA-A2-A1FW	3	5.551836417994231e-18	6.558467164076841e-14	0.039052872875887615	0.9609471271240468	4.6982412728824086e-21
TCGA-A2-A1G1	0	0.9969540819868308	0.0004616749436625831	0.0025839971028381406	5.007222753387729e-34	2.4596666850830453e-07
TCGA-E2-A1IN	2	8.382965498783612e-10	9.937824789511651e-10	0.9998227064390844	0.00017728219208164113	9.536754963677873e-09
TCGA-E2-A1L8	2	1.3530780591571198e-11	0.00014988466210698507	0.9974307226309532	0.0024193887893182832	3.9040907867882015e-09
TCGA-EW-A1J2	2	1.311784035918779e-12	2.188117457073842e-10	0.9999999674194743	3.3538609481263774e-10	3.202501617044268e-08
TCGA-A2-A1G4	3	1.0433906880790238e-13	4.301110866168733e-09	0.1308357864760659	0.8691642091928988	2.982000596709878e-11
TCGA-AO-A1KP	3	1.9446277374147898e-13	2.997566840273636e-08	0.002062578131951945	0.9979373918921849	2.6514506257864877e-16
TCGA-AO-A1KT	3	1.2384190648404935e-11	4.358295874020366e-06	0.03851559732573999	0.9614800443654421	5.596322842596075e-13
TCGA-BH-A1EX	2	1.1377352599077009e-07	0.005392714491513414	0.9826691785057854	0.011937792117635581	2.011115396686622e-07
TCGA-BH-A1FD	3	1.267290004061403e-09	0.0001818102978470396	0.00033447411645495085	0.9994837143155362	2.871851853245688e-12
TCGA-BH-A1FL	2	3.0337605485186242e-18	6.657435592022613e-10	0.9989168718846614	0.001083127449594954	4.0286539484102346e-21
TCGA-C8-A1HE	2	8.276028404237928e-17	4.983146265087297e-13	0.9998310430662751	0.00016895693322035193	5.945760419888868e-15
TCGA-C8-A1HO	2	7.87711096148453e-09	6.442158928940814e-10	0.9862944795531062	0.013705511925566844	7.187761502737584e-18
TCGA-D8-A1JD	3	4.895912140128251e-10	1.0665791183261904e-06	2.2282319076064526e-07	0.999998710107999	1.0067929927034893e-13
TCGA-D8-A1JL	0	0.9993566445370806	3.845313294941288e-11	9.109889557775487e-12	6.095747554083167e-13	0.000643355414746948
TCGA-E2-A1IE	2	8.659660451472018e-12	3.0703491336089513e-09	0.980717643001552	0.019282353919439183	2.6504158521304292e-17
TCGA-BH-A0BS	2	2.776593935637211e-12	2.141355595655315e-12	0.9648379534255819	0.035162046569499825	3.0404336517765147e-16
TCGA-BH-A0BT	2	5.6831252000592123e-14	1.1731587733982452e-05	0.9997076530840671	0.0002806139179569007	1.4101852297760457e-09
TCGA-BH-A0H3	2	3.720327263160873e-09	9.042678095060897e-12	0.9999999897379542	6.052349019830771e-09	4.803268302379679e-10
TCGA-A1-A0SQ	2	9.693493850807076e-11	1.9502115502327955e-08	0.9999817259678827	1.8254432336991025e-05	7.298964609004338e-13
TCGA-E2-A1IF	2	1.0830098897568696e-09	7.501326366776179e-07	0.9853774361295531	0.014621808497423979	4.157376398288792e-09
TCGA-E2-A1IO	2	5.45447268724565e-10	5.954496614701523e-09	0.9999997278083799	1.527244291309517e-07	1.1296724716966904e-07
TCGA-E2-A1LA	2	1.1803519849135984e-11	4.890867787214813e-06	0.8804319040020019	0.11956320511803112	3.764236942820374e-13
TCGA-E2-A1LB	1	1.0960535605807688e-11	0.9930303174352934	0.005721613101913723	1.0777339804767835e-05	0.0012372921120275327
TCGA-E9-A1N8	0	0.9999997245164682	2.754834818548211e-07	2.0112590843136222e-17	4.796690269520541e-46	5.006043426127416e-14
TCGA-EW-A1IX	2	1.4070928285369465e-15	3.919490710168102e-08	0.9999997561373807	2.0466731303520932e-07	3.9768207883970426e-13
TCGA-EW-A1OZ	3	1.474367339130539e-11	0.023117421977656042	0.00012347126756617324	0.976759106004643	7.353911986782091e-10
TCGA-EW-A1P4	0	0.9999992396584161	5.531048331819548e-25	1.0666294378114576e-07	4.025062070367231e-65	6.536786401263101e-07
TCGA-EW-A1P5	2	7.362479034327551e-17	4.2149094849793103e-13	0.9937464282044259	0.006253571795151165	1.3318119993663783e-15
TCGA-BH-A1F0	0	0.9924506123095933	2.1428684475827056e-08	2.6777664669711005e-05	1.259605923188504e-13	0.007522588596926551
TCGA-C8-A1HF	1	9.506010723358148e-07	0.9889127352843181	8.806849254299049e-15	0.011086314074031099	4.056968522308976e-11
TCGA-C8-A1HG	3	0.00018731624974241678	7.473625153432968e-07	5.008971222166616e-05	0.9997618466746951	8.25304280174023e-13
TCGA-C8-A1HI	2	5.939939661982297e-13	5.378173675633462e-10	0.9990756504267314	0.000924349033108973	1.7482354943544698e-12
TCGA-C8-A1HL	3	3.9481570431183635e-08	6.371973400615715e-06	0.004443078957661501	0.99555050958618	1.1875730389345356e-12
TCGA-C8-A1HM	3	1.955887055682494e-07	4.453366063624342e-06	1.0433782417370594e-09	0.9999953500018508	1.875588106059088e-15
TCGA-C8-A1HN	3	7.435338748388697e-10	1.9623905279303073e-11	1.350804298784115e-05	0.9999864911938544	5.921778267162284e-23
TCGA-BH-A0H7	2	8.352428308031462e-09	4.3112624866439395e-08	0.9290874578377085	0.0709124870421336	3.655104949229047e-09
TCGA-E2-A1IH	2	2.960997872788707e-10	2.196069163321672e-06	0.9975718727443847	0.002424757925526398	1.1729648255684407e-06
TCGA-E2-A1L9	2	7.718129653485452e-11	4.088295941050007e-08	0.9879504273399871	0.012049531524660036	1.7521226791399374e-10
TCGA-EW-A1J3	2	6.996179716782218e-14	0.00013176151865508255	0.9918512504695014	0.008016988011563416	2.1013700539082295e-13
TCGA-EW-A1J5	2	2.3158693914218045e-11	8.638636963261972e-06	0.9989892373096743	0.00100212403020367	1.3505695116188596e-16
TCGA-BH-A1F6	0	0.9999072439793953	5.504700439598151e-08	2.457828760665426e-08	2.824232337560283e-22	9.267639531260901e-05
TCGA-D8-A1JU	2	3.9457762855727416e-10	5.488464191310421e-12	0.9947725510445276	1.0895685097758154e-06	0.0052263589868966
TCGA-EW-A1IW	2	2.9513251443177683e-19	1.3213929853965127e-07	0.9990673178834825	0.0009325499772134728	5.50124700660259e-15
TCGA-EW-A1J6	3	0.0002444654728315847	0.002982023113136009	0.05178250621412513	0.944190217296892	0.0008007879030153064
TCGA-A1-A0SI	3	3.295769130810031e-07	0.005755720975289554	5.933344405114827e-05	0.994181254381643	3.3616221032839106e-06
TCGA-A1-A0SN	3	2.7722975982048194e-15	0.009516850243231846	0.010201924359522371	0.9802812253779355	1.9307581784845953e-11
TCGA-AO-A1KR	0	0.9980632908341609	9.132935105387222e-06	1.429956989290347e-11	0.0019208926730740264	6.683543360124382e-06
TCGA-E2-A1IJ	2	4.704896715982229e-10	1.5058669301582736e-07	0.9999949890127835	9.51581895151049e-07	3.908348138684779e-06
TCGA-E2-A1L7	3	0.0006839752738083472	0.00013991076912456447	1.910351409469852e-05	0.9991570102888669	1.5410553153304936e-10
TCGA-E2-A1LL	0	0.9999832905675896	9.528167202376063e-25	6.9098486794478925e-12	1.4948560125985158e-101	1.6709425500371667e-05
TCGA-A2-A1G0	2	4.27255939957163e-09	7.829705186933075e-12	0.9999999956296731	7.61150594097767e-11	1.3822781621464562e-11
TCGA-AQ-A1H2	2	2.351027299264109e-25	1.1433129134632288e-17	0.9885115336568824	0.011488466343117516	1.7244093113796746e-18
TCGA-AQ-A1H3	2	7.327227515662942e-12	1.0520497200270098e-08	0.9998614995144446	0.0001384899572362789	4.945388965558505e-13
TCGA-BH-A1EN	1	3.27449096159557e-11	0.9477817848611179	0.05219582516124053	6.5920922539291245e-09	2.238335280436998e-05
TCGA-BH-A1FC	0	0.9908227986099637	0.005030796086226926	5.666703313619119e-13	0.00414640524692169	5.6320774236440964e-11
TCGA-D8-A1X5	3	6.015545786669085e-12	0.0001109143746237851	0.038369021390240364	0.96152006422912	4.65317990589333e-16
TCGA-D8-A1XA	2	7.6559352515211e-12	4.16873716938136e-13	0.9950043137322686	0.004995686259416007	2.427186346202857e-13
TCGA-D8-A1XB	2	4.0210074805191213e-10	1.548470947228617e-08	0.9998667153443132	0.00013326876641376307	2.4627757655588038e-12
TCGA-D8-A1XC	2	2.60089185940051e-10	2.286650223230923e-08	0.9999164572672695	8.336225795923128e-05	1.5734817975250293e-07
TCGA-D8-A1XD	2	2.1905333650654773e-11	4.1811789068063484e-09	0.9999843857229379	1.561000519603171e-05	6.87818780723816e-11
TCGA-D8-A1XG	2	3.50607309854398e-12	1.118409860475185e-10	0.9999771322332022	2.2867651181575472e-05	2.69164915273544e-13
TCGA-BH-A1FE	2	6.399290231314405e-09	2.3338044614817096e-08	0.9999025490489978	1.0273242312084009e-05	8.714797135540813e-05
TCGA-C8-A1HJ	0	0.999999999399301	4.7400480612595575e-11	4.996364023056053e-10	1.684091912030743e-36	5.366218996762792e-11
TCGA-D8-A1JE	3	1.0275364072280036e-13	1.000753416278422e-11	0.062031082047341	0.9379689179425285	2.0162371726047693e-14
TCGA-D8-A1JF	1	2.209622534139403e-05	0.9772466085314659	0.001923296808280131	0.013339391518439887	0.007468606916472575
TCGA-D8-A1JH	2	4.642524781921008e-10	3.34832279361714e-12	0.9999997341740209	2.605632348500952e-07	4.795143524566775e-09
TCGA-D8-A1JM	0	0.9999999994824557	5.198868160953517e-16	9.769828042478502e-14	7.736381556966072e-36	5.174461021198074e-10
TCGA-E2-A1IL	2	7.841832868564028e-11	9.917141674588076e-11	0.9999821487744667	1.785104794329843e-05	1.2678537355925943e-16
TCGA-E2-A1IU	2	4.807384850305499e-15	5.559150931305736e-10	0.9999999992209202	3.256688382286564e-12	2.199030948570556e-10
TCGA-E2-A1LK	0	1.0	1.115794034618071e-18	3.290858596523581e-23	1.950638020996865e-32	3.153703483788114e-17
TCGA-E9-A1ND	0	0.9996843493796229	8.749631373707812e-08	9.434589129120028e-08	8.064264896052587e-29	0.0003154687781720593
TCGA-EW-A1OV	1	0.0003590607813262442	0.9454050879312826	0.05353729325967582	0.0006879986092207468	1.0559418494656088e-05
TCGA-EW-A1OW	0	0.9999999880329676	1.3702457490376086e-12	7.406722369959552e-15	1.1115971283764418e-30	1.1965654581388982e-08
TCGA-EW-A1OX	3	8.752563257121536e-10	1.762860221886987e-09	0.09261764729809659	0.907382350063787	2.1420912994963626e-20
TCGA-EW-A1OY	3	4.531630321358096e-09	2.82703509385649e-07	0.008938960079117654	0.991060752619854	6.588842660852581e-11
TCGA-EW-A1P0	3	9.88597675532357e-10	5.845496813388005e-06	0.09892455957052522	0.9010695939440637	3.512629216540045e-21
TCGA-BH-A1FR	2	2.1538271631608944e-10	6.503627917570221e-13	0.9989714106200099	0.0010285891505387244	1.3418339606477283e-11
TCGA-BH-A1EY	2	1.8080476309351517e-10	6.53493716013014e-07	0.9768233519162907	0.023175987824737718	6.584450910322371e-09
TCGA-D8-A1JP	2	4.0960529791181236e-11	5.1341706457766896e-08	0.9683747955292368	0.03161968181495794	5.4712731383304904e-06
TCGA-AO-A1KQ	3	5.797102984775602e-13	2.0632451809584427e-05	5.7708273738070904e-05	0.9999216592738301	4.233111657471511e-14
TCGA-BH-A1FG	2	1.6654622682848473e-11	1.985921348813937e-08	0.9791571180039725	0.0208428621023133	1.7846000688295042e-11
TCGA-A2-A04R	3	9.29685584588432e-15	1.2199219614465296e-10	0.12018930306461463	0.8798106968133838	2.4702900019819457e-16
TCGA-A2-A0YH	3	9.711083389557529e-08	3.035456904330996e-11	1.3473816227470627e-05	0.9999833068965519	3.1221460322025152e-06
TCGA-A2-A0YJ	0	0.9995705431090086	9.430737382045884e-14	7.707475987298442e-13	3.1244769808066026e-29	0.0004294568901263919
TCGA-B6-A1KF	0	0.9999999989844622	7.349702324008832e-10	4.516879663564783e-21	2.883955066106553e-20	2.8056742188351236e-10
TCGA-C8-A1HK	1	1.5236324141490594e-09	0.9784833680309565	2.199918610702036e-05	0.021494631251973453	7.330617783429966e-12
TCGA-D8-A1JB	2	9.143363938088558e-10	3.383864621084258e-07	0.9999984818213997	7.238811587066871e-09	1.1716389902514122e-06
TCGA-D8-A1JK	0	0.9808420800348924	0.015166706372096554	2.0153159384418823e-07	6.722933389024864e-08	0.003990944832083363
TCGA-EW-A1P7	4	0.0225882929064318	2.0522920361394737e-13	1.4004466451926152e-05	3.0514216053307375e-28	0.9773977026269111
TCGA-EW-A1PB	0	0.9999855825295676	1.4410824016177247e-05	2.434252540726836e-26	4.866805332664032e-31	6.646416042303171e-09
TCGA-EW-A1PD	2	3.930449282785012e-07	1.2105846808984851e-08	0.9298006926066485	0.07019890219925183	4.332460015282419e-11
TCGA-EW-A1PF	2	8.881753675724642e-09	5.094488232782457e-07	0.9999985532194532	9.284405907264147e-07	9.379091999196477e-12
TCGA-E9-A1R6	2	3.2341407219767616e-15	1.5043074852439024e-14	0.9780199470680564	0.02198005292873512	3.1903127474835376e-12
TCGA-E9-A1RA	2	7.675084038145185e-10	3.540539172145722e-07	0.9987396692514402	0.0012599757179732568	2.0916098140670713e-10
TCGA-EW-A1P1	4	7.681601957815675e-06	1.581720418532954e-11	0.0018554261852560979	1.568088178519194e-13	0.9981368921968121
TCGA-D8-A1J8	3	8.799275665615096e-17	0.006323622295364797	0.010270516343460528	0.9834058613611747	4.884368644874576e-21
TCGA-D8-A1J9	3	2.3813085706842335e-14	0.009458925683279353	0.0001847290603290491	0.9903563434750419	1.7813258458795944e-09
TCGA-D8-A1JA	1	2.3937957355315603e-08	0.9987912529272275	0.0007590780018532695	8.902035519714611e-08	0.00044955611260685894
TCGA-D8-A1JC	3	1.7548942480528687e-07	2.3315993156020334e-05	1.5788887301362263e-05	0.9999607196301178	4.112438725918677e-18
TCGA-D8-A1JT	3	1.0276397822733039e-16	6.974046843558719e-12	8.744859092465626e-05	0.9999125514021011	6.505757665895187e-26
TCGA-E2-A1L6	2	9.49104637583393e-16	4.124468784686954e-14	0.9999995046898215	4.952856222888687e-07	2.4513964051752024e-11
TCGA-EW-A1IY	3	3.8068024201221353e-13	2.7739844719943704e-07	0.020773005887862923	0.9792267167133075	1.6816342300116956e-15
TCGA-EW-A1J1	2	5.728323623007986e-13	1.6903275404855633e-12	0.9999980367285228	1.963268284133139e-06	9.299786397405446e-13
TCGA-A2-A1FX	3	2.749144462429053e-12	4.093438991821507e-13	0.06476975175277463	0.9352302482440669	1.8390672936205554e-19
TCGA-AO-A1KS	3	1.5349125913800688e-11	1.2453198913771515e-07	0.0002141679040279028	0.999785707540941	7.692740767739338e-12
TCGA-B6-A1KN	3	3.006438704396095e-18	1.1247792985111241e-06	1.8973158954704716e-07	0.999998685489112	3.173844917244707e-19
TCGA-BH-A1F2	3	4.9811629228402284e-12	0.009603679509205529	0.0029443400059935617	0.9874519804686371	1.1182778630152746e-11
TCGA-BH-A1F8	3	2.1040645406760787e-15	4.468898119200405e-05	0.0008986469947648123	0.9990566640240228	1.822679463888325e-14
TCGA-BH-A0W5	2	2.2342899044776905e-09	4.475571065009766e-07	0.9999891065926391	8.15928908364085e-06	2.2843268809596388e-06
TCGA-BH-A0WA	0	0.9999999887012904	6.455335118502173e-15	3.1984025525168374e-24	2.0217095074341527e-24	1.1298703201482581e-08
TCGA-E9-A22B	2	3.0617844723859295e-08	1.1192175370391276e-06	0.9966703413645703	0.003328508731514129	6.853368799665675e-11
TCGA-E9-A22D	3	1.4641185103027963e-05	2.01256338502462e-07	6.981052422574566e-05	0.9999153470333605	9.722611017315394e-13
TCGA-E9-A22E	3	1.833898328609957e-07	2.2018353299199826e-08	0.30899738742518246	0.6909736070705972	2.8800096034358866e-05
TCGA-E9-A22H	3	4.644302218512888e-12	2.9014101357196374e-11	0.06439495306719975	0.9356050468991418	8.715666135422613e-20
TCGA-AR-A254	1	1.0739467645611757e-09	0.9483600430285518	0.00011608451535090229	0.05152379968960258	7.169254804685925e-08
TCGA-E9-A1QZ	2	2.0193030634473555e-12	3.2689575794085914e-10	0.9935180684605732	0.006481904753002102	2.6457509725970595e-08
TCGA-B6-A1KI	2	9.793025832722387e-11	4.637247934455997e-09	0.9999900667685834	3.70545943808954e-06	6.223036800311738e-06
TCGA-D8-A1XM	2	3.687074872138714e-11	1.2565569202688858e-09	0.9983174783212646	0.0016825203616239125	2.3683820705647923e-11
TCGA-D8-A1XU	2	1.399196297231958e-10	1.912677908114041e-06	0.9998780971990099	0.00011998992906152241	5.410095573445254e-11
TCGA-D8-A1Y0	2	3.4086028339347757e-08	1.290669950252676e-09	0.9985556696926732	0.0014442948657865848	6.484195251483122e-11
TCGA-D8-A1Y1	3	2.359824546045831e-10	9.029644312318178e-09	0.03641962062153578	0.9635803701127029	1.3470051803189133e-13
TCGA-E9-A1R3	2	2.0135694041267887e-17	1.0200096833038174e-08	0.9997949701904967	0.00020501960861505657	7.914330197164894e-13
TCGA-E9-A1N9	0	0.9994413434966432	0.0005094308908386853	6.5745064425492845e-06	4.26511059667965e-05	1.087709715350688e-13
TCGA-E9-A1NF	3	0.00022842717143110736	3.5835114008468754e-05	0.019722623752009942	0.9799382657262433	7.484823630715063e-05
TCGA-E9-A1NH	2	2.691074075362566e-13	4.2270368419361714e-13	0.9996783273128789	0.00032167230360275774	3.8282661738748404e-10
TCGA-E9-A1NI	3	4.724909823126487e-13	2.378179312774303e-07	0.08431827832321641	0.9156814838583562	2.3658585800068062e-14
TCGA-A2-A0YK	4	3.2053213182690154e-07	1.1358700078123874e-10	0.17408317281781702	7.176519097534304e-11	0.8259165064646988
TCGA-AN-A0XN	2	0.0012031818905778766	0.010566456400235695	0.9417895637593112	0.04612321975820572	0.0003175781916694845
TCGA-AN-A0XT	2	1.5744272149098511e-10	2.0284912791728712e-10	0.9999999572257916	4.1835929478371325e-08	5.779870872711422e-10
TCGA-AN-A0XU	0	0.9999999992257635	2.3990264555543673e-13	7.394884703724699e-10	1.898202079056707e-49	3.45081300787478e-11
TCGA-AN-A0XV	2	3.490728179987882e-11	1.1060487452936372e-08	0.9970780100585173	0.002921891290333413	8.755575456283537e-08
TCGA-AN-A0XW	2	1.5270208290814003e-06	0.0001878309955816125	0.8764827942846265	0.12332775970787113	8.79910916607747e-08
TCGA-AR-A0TU	0	0.9999999999989873	1.0126940712348216e-12	1.57447745265868e-35	2.6528767816891345e-21	1.971386059328807e-18
TCGA-E9-A1N3	2	0.00016372598556939854	2.2032572796540405e-07	0.9997883157026886	4.773798601297057e-05	1.0556444254901297e-15
TCGA-E9-A1RB	3	0.002761342695185286	0.012098152797607684	6.173819429098213e-12	0.9851405044994971	1.53593010019671e-12
TCGA-E9-A1RC	2	1.3876797964698208e-12	1.5521483573830808e-07	0.9774260045042488	0.022573840279527833	9.137638665274383e-24
TCGA-E9-A1RD	2	8.438668730046949e-16	7.334875049123086e-15	0.998842640211424	0.001157359788480447	8.751641553597424e-14
TCGA-E9-A1RF	2	1.8453630843393434e-05	0.0013382741792215102	0.9632211569169253	0.03542202200624103	9.326676878600306e-08
TCGA-E9-A226	3	6.382191862112808e-12	4.0697685368778384e-09	0.06619271814832196	0.9338072777663485	9.178737060573871e-12
TCGA-E9-A227	2	7.717317477895338e-14	4.644116343657302e-10	0.9813015749361704	0.018698424598921407	4.1936561200462105e-13
TCGA-E9-A228	3	1.1697690884450216e-08	8.120483825076456e-07	0.0004611865186168082	0.999537989735309	6.319854981435432e-16
TCGA-E9-A229	2	2.9488182480076004e-10	5.924253703001043e-11	0.9579472292970265	0.042052764827665685	5.521183427106211e-09
TCGA-E9-A22A	3	5.0767491811709234e-05	3.046815705587736e-05	0.009347159360788402	0.9905715642310019	4.0759342030028097e-08
TCGA-AR-A24W	2	1.9144124858152548e-09	9.05680168615125e-11	0.9992876421490776	1.821780443831436e-12	0.0007123558441200829
TCGA-AR-A24X	2	2.3082263975794097e-13	1.1144222296395244e-06	0.9999904246423189	8.460935220513057e-06	1.1998846080201872e-18
TCGA-AR-A24Z	3	4.941242408995077e-09	1.5478391102130907e-10	0.03672319736621669	0.963276797537757	3.585611586108333e-19
TCGA-AR-A250	3	4.840170579073945e-09	2.557194837126199e-05	0.01018115103965577	0.9897932589100302	1.3261772161194658e-08
TCGA-AR-A251	0	0.9999196345100042	1.2765811565683019e-08	6.226848593002212e-16	2.6102006881364195e-10	8.035246316347699e-05
TCGA-AR-A252	2	0.00014654766654953612	1.0161963265068504e-07	0.9844786782322957	0.015363040143222406	1.1632338299711798e-05
TCGA-AR-A256	0	0.9999999999920914	1.559401287888511e-16	6.567992621669872e-35	5.6151983391522705e-30	7.90855160646415e-12
TCGA-AR-A0U2	3	3.434182717398262e-09	0.00010805070074443833	5.153344940801578e-19	0.9998919458650728	4.390661951619896e-18
TCGA-AR-A0U3	2	2.0677437055944466e-16	9.93925899391783e-07	0.8994140105558533	0.10058499551824696	3.439603668293289e-18
TCGA-B6-A0WT	2	8.21368767588413e-09	2.3726299303556804e-09	0.9803111770770546	0.01968881233660856	1.92182880883452e-14
TCGA-B6-A0X1	0	0.9959351551066672	0.004064829582656836	1.79416113422894e-29	1.531067577191744e-08	2.831593173163115e-23
TCGA-B6-A0X4	2	3.733671907851316e-08	1.5876067029733368e-07	0.9999992640474551	5.398548920478746e-07	2.63405950293172e-13
TCGA-B6-A0X5	3	2.4963323094528456e-09	2.4640118356673723e-05	4.1823288904487625e-08	0.9999753155620147	7.217756768408798e-15
TCGA-BH-A209	3	0.006548125679900193	0.005404499064833909	7.492270808913615e-07	0.98804659924984	2.67783450220861e-08
TCGA-D8-A1Y2	3	1.0172101619447415e-05	0.004144568277764806	0.18387211629057051	0.8119728799518783	2.633781669349126e-07
TCGA-D8-A1Y3	3	0.0026824037678555893	1.9912597030732024e-05	4.9022202958584175e-14	0.9972976836324199	2.6446640371867696e-12
TCGA-E2-A1LI	0	0.9999999603314226	3.8043749364370687e-08	1.7781124895880505e-12	1.1122566397463885e-12	1.6219377265237866e-09
TCGA-A2-A25B	3	7.179246847127105e-05	0.0012279672747626768	1.1203510870577112e-05	0.9986890367458956	3.2963866058843925e-18
TCGA-A2-A25E	3	7.700909519980163e-13	2.643592678109218e-06	3.7557658123409915e-05	0.9999597987484122	1.6194932478511388e-14
TCGA-A2-A25F	0	0.9845449412341656	3.8613029554989814e-05	2.376016412223858e-05	0.014552702649506206	0.0008399829226508071
TCGA-A7-A26E	2	0.0027223840891679673	0.00029880349308098624	0.922086042543641	0.07489167083061885	1.0990434912533872e-06
TCGA-A7-A26G	0	0.9929482025418119	0.0001595196479651595	1.8962004887872894e-07	0.0010629381012653997	0.005829150088908548
TCGA-A7-A26H	2	1.401211158143995e-10	1.2568181398265156e-07	0.9822136553308656	0.017786218847193825	5.510420068495773e-15
TCGA-A7-A26J	2	0.004623875412396579	0.0012971275223554585	0.746441159814521	0.2474149583604682	0.00022287889025891843
TCGA-AR-A24H	3	1.445889544298864e-11	0.002080018027545083	6.889388378346537e-10	0.9979199812690572	9.579629138953392e-20
TCGA-AR-A24K	3	3.662626434873104e-14	1.0330487625167162e-10	0.04100136742230668	0.9589986324743519	1.5121101805987226e-17
TCGA-AR-A24L	2	9.595883865546288e-10	3.533578322011562e-09	0.9740338845688934	0.02596611093558143	2.358554637127907e-12
TCGA-AR-A24M	2	3.519306685776895e-12	2.3233197055950594e-12	0.9999633074753782	3.6692518776798924e-05	2.3678471496312637e-15
TCGA-AR-A24N	3	1.3992034212725539e-11	7.05121004932274e-11	6.863314835744236e-06	0.9999931366006565	3.657046143899128e-15
TCGA-E9-A247	2	1.3440194539688923e-14	3.874311350655586e-06	0.9344012106174076	0.0655949150712274	7.886747197493331e-16
TCGA-E9-A248	1	0.003356427299272045	0.9905653166145397	0.0036786319379626606	8.96761277279465e-09	0.002399615180612701
TCGA-E9-A249	3	2.4836199994744313e-11	1.966415209033787e-06	0.16681177992269072	0.8331862536372641	6.242751416613717e-17
TCGA-AQ-A0Y5	2	8.975143482991636e-11	0.019848628879033575	0.979272458921321	0.0006461404222653844	0.00023277168762860298
TCGA-GM-A2DN	2	8.500791385739309e-07	6.194809765835609e-06	0.9999149738488344	7.702937900178225e-05	9.518832593059396e-07
TCGA-GM-A2DM	2	1.64944601289134e-10	2.4669145535281966e-11	0.9999998834495801	1.1636080618202581e-07	4.901120749702028e-17
TCGA-AR-A24O	2	2.7609364242872445e-13	3.374274020975816e-11	0.9999997675975107	1.0620242263051203e-07	1.2616604785923907e-07
TCGA-AR-A24P	2	4.925812843449059e-11	2.0246501363845347e-08	0.9998777614265825	0.0001222182772110605	4.46989022059264e-13
TCGA-AR-A24Q	0	0.9951991634582081	7.709104191328271e-12	1.7163911013727726e-12	1.995812923886845e-17	0.004800836532366327
TCGA-AR-A24R	3	5.425709387300508e-12	8.589988872871825e-11	0.0158818275092542	0.9841181723994195	6.7920581320883995e-16
TCGA-AR-A24S	3	2.8383432900894944e-08	0.0006110915856358687	0.0020596311476214334	0.997329143127085	1.0575622491311339e-07
TCGA-AR-A24T	2	5.212602008116121e-13	1.142521649628054e-10	0.9999981339333298	1.8641352872966384e-06	1.8166094698762733e-09
TCGA-AR-A24U	1	0.0005287443665679167	0.9646541461179163	0.0025780730954108387	0.020296117182709267	0.011942919237395865
TCGA-BH-A201	2	1.1261594233263431e-09	2.764094883408177e-10	0.9999653049099351	7.220207509868906e-10	3.469296547533655e-05
TCGA-BH-A202	3	7.632782265255223e-06	0.003616168406969132	4.18282655099694e-07	0.9963757799719595	5.561511900760112e-10
TCGA-D8-A1X6	3	4.0470512654656366e-14	1.099925122527347e-12	0.054041277641244556	0.9459587223576151	1.1770567484136117e-20
TCGA-D8-A1X7	3	1.515952613126015e-10	5.972982871585721e-08	0.09379620506555629	0.9062037350528922	1.274743437559212e-13
