acc_test:0.6323529411764706
auc_weighted_ovr_test:0.8287918170475131
auc_weighted_ovo_test:0.8265089528634421
auc_macro_ovr_test:0.8339504568337942
auc_macro_ovo_test:0.8257737145895041
f1_weighted_test:0.6319297017986276
f1_macro_test:0.6041636262288436
ACC_test_2:0.8823529411764706
AUC_test_2:0.9011815252416757
f1_weighted_test_2:0.8777393310265282
f1_macro_test_2:0.8431372549019609
