ACC_test:0.76
auc_test:0.6150793650793651
f1_weighted_test:0.7365034965034966
f1_macro_test:0.6503496503496503
