ACC_test:0.68
auc_test:0.6529982363315697
f1_weighted_test:0.6775654508838668
f1_macro_test:0.5972253300514657
